1 282.395733725788 353.75038404988646 4901
2 390.6987308342631 456.08457511879243 880 442 147 278 725 
3 426.1313571443971 372.8698985180345 2284
4 409.8589012729593 327.391879947002 223 358 233 494 892 
5 192.82982099131274 424.8966940041789 8973
6 272.2717242685186 427.1340261036421 237 985 964 751 158 
7 146.06087963522342 352.41262117779866 9613
8 391.78594030551426 115.9933463041985 647 863 729 145 115 
9 50.22824594798053 357.6323444638343 7335
10 444.22049506873566 333.45809824423253 805 305 702 312 902 
11 120.19607468386334 253.49347617602925 6330
12 322.70157923274843 356.8997283516247 899 842 966 216 144 
13 55.22859444837197 246.87187584596666 4692
14 141.3519818989229 16.045409065763295 758 995 196 118 726 
15 197.07107136762932 124.74869067600625 1556
16 33.71751783870119 417.73748679175594 905 598 44 783 434 
17 274.50061335767276 161.2953789390837 6462
18 49.17207227896997 305.6912308803489 231 160 511 14 938 
19 432.46768957231234 60.85329445306959 5145
20 255.1638823269528 167.8838938421941 845 708 27 863 904 
21 480.7899652650551 165.51975288908645 4164
22 444.5397388879772 11.775159563356564 785 280 447 191 369 
23 13.055986507946926 346.1006168141331 1353
24 420.0636482672037 375.5269464395412 887 359 186 650 276 
25 409.5493363161144 282.03938661214363 7051
26 178.205646543921 330.1097249804428 929 164 399 944 443 
27 173.3442207695676 127.10900146725041 8875
28 123.32786891968894 22.473222921401526 854 550 886 195 389 
29 42.440160644242056 47.812231558382045 3258
30 205.02953448699424 361.4433302638857 921 208 851 143 891 
31 350.6296263282617 466.8440326311859 6692
32 125.72867080158856 123.71562645602124 915 783 682 775 521 
33 318.98294329730396 321.094274328702 9864
34 212.0937817132989 320.2799152067309 846 432 606 391 595 
35 53.561834556843436 36.054639734669934 4332
36 221.62547541478034 371.01421122862746 248 9 96 132 952 
37 352.02098395357956 235.42175154203437 653
38 126.28637832913297 76.53025026040211 755 861 863 611 133 
39 313.78536413702204 319.507461225945 7940
40 158.2722345175842 411.9624458217143 383 436 333 436 740 
41 423.5080994131475 451.4804448812107 5451
42 128.26532781259897 0.4690440149248132 556 900 889 964 959 
43 473.57489104150716 102.38364637732545 4271
44 28.590211156032773 336.5120588791533 576 272 50 741 164 
45 180.93934663546818 106.89326138003291 5567
46 165.77666559436872 132.0568244312676 158 428 2 4 496 
47 98.01583932607677 479.6285333905295 7220
48 77.00808283983368 159.69709375672252 907 816 814 712 512 
49 356.45615249106794 427.5506138668091 3841
50 57.505889628932884 418.6029422328248 19 122 283 501 6 
51 111.64835766191261 419.10986943423234 1814
52 194.99379254903815 255.01085140567326 276 529 233 997 703 
53 328.65240572855436 121.78651650705547 8924
54 250.11043518929293 226.89120891554788 219 186 271 42 409 
55 56.056193355654315 252.77230282163015 8360
56 317.0631660810181 229.90847852618396 172 675 578 871 804 
57 428.20338512052086 296.1902930005853 5572
58 331.61026765342245 346.34346751643403 229 236 223 608 545 
59 67.05586424090437 261.64210343848356 392
60 104.36709374452452 120.28643881950984 980 44 378 353 568 
61 312.88661032663356 285.79930194785214 362
62 389.39214809947094 434.8298000566695 5 960 874 977 948 
63 34.27105969818711 427.0395324905366 7087
64 358.64063951345776 171.26398786710251 284 261 81 917 905 
65 164.05710648036865 394.439648122433 7990
66 410.8877454397286 486.80271875458925 391 943 171 783 180 
67 149.24950484222964 6.639217363991423 3513
68 298.7369887507298 328.5885299804125 619 938 556 508 216 
69 67.30549973727278 466.6048491217526 328
70 269.37802951627066 210.18225306489464 384 784 515 800 620 
71 474.11578213019726 448.4594811391454 1679
72 151.74975645784184 279.6186568512179 719 978 722 327 593 
73 65.43356056999173 419.95930180406737 6691
74 80.90908518343332 211.68042059786 125 267 654 459 594 
75 285.215234612575 15.27654172779025 1270
76 324.61727878558736 400.90714283662123 973 839 156 312 356 
77 116.03227395287597 27.734400002415562 6416
78 205.21379980108128 5.0475720006514795 892 422 665 789 664 
79 115.38755249649995 366.6030201197933 8124
80 86.06038493803354 416.3988024129217 595 820 201 46 137 
81 51.28270101310939 359.298143334941 2916
82 42.747744872305596 460.2556570100021 944 970 361 729 140 
83 445.45011162353825 143.93311035921218 55
84 175.87445150653247 376.3515716711454 328 530 819 387 776 
85 149.9996662153358 332.30854239709276 3750
86 130.07731582765493 408.3000668986711 218 584 279 331 719 
87 277.1424407657636 259.5681782869724 3505
88 284.3090802609742 92.14582961218531 894 6 290 795 927 
89 265.71868024506165 354.33101418909143 247
90 490.2057747961246 452.6833351533484 298 749 799 320 17 
91 464.0955438287286 180.56345965378517 5196
92 491.0456204695802 320.71838903909173 502 865 288 724 844 
93 57.541137764554165 299.7684110919703 5895
94 65.97663571755125 228.51120001851095 36 295 545 917 450 
95 128.18910785977906 381.18181890778175 949
96 95.82850417773214 378.6813348103094 690 267 222 460 514 
97 88.69376535848077 179.51958105269205 3609
98 471.12833278367896 499.44066252303827 343 499 47 929 701 
99 150.73328515634245 62.146184255798374 4609
100 3.0182158424960637 379.1884020317361 521 86 642 172 834 
101 260.95367024413224 376.98088846638075 5995
102 282.254442186983 314.6153111634892 728 685 381 305 623 
103 91.98064177165377 478.8275536929735 2457
104 374.29136902802645 252.9057558225065 907 956 812 655 391 
105 259.3073763229153 391.80976294415996 6733
106 267.8989715910879 427.5381128791943 980 203 584 543 429 
107 160.1984059844027 207.60587532932274 186
108 438.6880959713155 21.330549876261763 452 637 733 973 156 
109 181.953921081008 10.189151650281502 1828
110 90.02591650735947 139.08415272531428 220 981 109 959 899 
111 60.510621948895285 107.75118016049196 8709
112 440.6545761608225 499.16832257254305 950 512 23 362 321 
113 15.970888248868109 401.0140642600454 9363
114 204.57119328048762 492.2541514932401 755 717 291 470 184 
115 202.4863856867573 201.4836004908123 2888
116 125.29452270949315 80.20423008547678 247 139 404 903 712 
117 302.01597068943306 476.2529181623485 9790
118 447.82772769374367 258.70740641131323 178 263 955 944 789 
119 418.47999139590735 317.01161233481224 9135
120 58.558789606088624 305.4470390462414 458 618 221 866 271 
121 74.15262862659056 191.43770012879497 6994
122 194.82984677118702 100.67223268451919 419 37 123 444 918 
123 337.42901157846586 386.3850120376917 2963
124 478.587845138901 375.33963149377604 930 17 764 150 270 
125 98.52008170427418 250.47014496178028 749
126 265.18163189087295 217.7831653382467 356 914 770 207 217 
127 2.536318946925631 303.4365001332453 8997
128 285.0832862934736 181.25297690232216 802 719 157 225 569 
129 100.8064012557282 205.29220275096932 6351
130 486.0895930310822 240.1935540760853 283 760 479 931 99 
131 308.28634411245525 166.86433585436473 4430
132 325.8173582819983 131.7390572604425 352 680 142 470 240 
133 124.45862918805733 453.9948545625248 1378
134 486.5768924963271 267.60447003756013 871 552 954 155 665 
135 40.7973181835124 23.00821495044619 222
136 204.77536680797942 302.2243260321442 567 662 927 199 1 
137 104.84102245458021 475.10048934383065 9428
138 430.52552904932736 181.4680388104556 527 166 212 302 667 
139 124.74981630038495 493.90610009772985 9719
140 153.73418789496446 63.78044755076678 516 388 68 96 888 
141 158.13637283117055 336.4631010587903 9767
142 218.55166762097534 444.5851837458895 579 710 283 756 420 
143 335.15554043034723 314.0472826484996 2893
144 309.2681490604229 347.80095989998017 480 719 630 538 325 
145 345.11685312647637 465.83257274510316 698
146 223.6946369081219 310.8310158928452 503 247 582 568 654 
147 409.0740619594812 87.54552373752972 548
148 368.38588814022614 384.01766559321413 941 274 905 451 819 
149 179.86907729596197 208.9120704905923 7663
150 327.1041539479435 77.2001925558432 647 906 919 634 242 
151 463.02126773183613 323.37666294158794 1343
152 148.57011192461778 344.17145472669 397 260 383 55 802 
153 461.459627580554 257.9212195663233 912
154 395.64491271663223 342.3523438856573 541 318 15 329 604 
155 369.15287876778996 465.4224638108802 7448
156 9.436441119356598 122.36023452910888 780 170 739 565 403 
157 435.1254463107421 248.42469714134862 824
158 81.59010920074844 179.12224461319508 160 220 571 859 492 
159 86.19598395453282 435.34187110982066 1113
160 353.2543664584256 454.8599868800726 109 268 722 735 217 
161 60.06047438484357 169.5919080205181 6338
162 418.0223087206871 163.99930254391242 766 434 292 577 736 
163 159.32706828364707 277.1924039207461 9773
164 77.07763511307625 0.9786647135855975 451 349 403 831 471 
165 17.874163334776316 149.1550131874465 2473
166 54.56416085036964 432.5196490357758 489 310 334 370 63 
167 62.47878722890948 484.12811373174236 3131
168 209.29500330830354 75.87158135293221 942 436 639 523 796 
169 432.3850955145312 181.10181051335235 3028
170 103.6737670405477 186.18412538073002 167 937 886 827 448 
171 333.5601493097405 298.72239186132606 5128
172 204.3044331508775 204.5197330993314 118 960 522 693 947 
173 254.0889172648358 194.48696620246093 5108
174 104.69800912696714 71.43610584067561 723 516 214 817 160 
175 460.393305983924 282.25722150611045 1792
176 159.1925252879503 491.23969325904153 365 821 856 458 864 
177 456.343961996455 84.51750207503173 837
178 22.608313218587305 284.1117125965475 817 11 46 587 890 
179 86.33975887447681 215.87817158890627 3273
180 341.40931847720395 213.8292617530041 756 697 893 748 709 
181 183.43087253413225 472.0523153591485 3478
182 371.959620383739 440.5058423272191 821 853 504 384 536 
183 279.0828628710963 422.4633449733903 1244
184 404.2999066885978 228.12110948843838 432 217 468 566 459 
185 19.979193999867807 140.57129312034394 7693
186 439.9158996112683 257.86216284204704 660 86 478 793 799 
187 14.261125511952354 25.46312003963369 8873
188 413.0075712047325 434.3684490460313 198 478 841 603 372 
189 127.06935165569921 147.1805661513733 4099
190 300.66305968172156 328.9646521752175 779 905 640 580 392 
191 173.95680337202452 406.3381537756013 5005
192 193.90515111561808 118.25882457181541 90 302 257 963 182 
193 21.302893412285194 178.9212579870926 8128
194 297.3574393909692 176.03794794166973 669 421 605 701 882 
195 215.7207834208934 0.4982192876590852 2346
196 60.73713250915136 147.87279271116728 150 913 574 131 490 
197 191.4180488745556 451.0767458052891 3051
198 276.79944438091144 363.9988585133907 274 346 291 433 732 
199 284.0809272733921 421.20211219005694 5771
200 406.6461671172672 424.68428319109984 966 754 496 656 995 
