1 198
3 24
5 146
7 152
9 92
11 128
13 94
15 192
17 20
19 108
21 184
23 44
25 104
27 46
29 174
31 160
33 68
35 164
37 180
39 190
41 188
43 64
45 122
47 112
49 182
51 86
53 132
55 56
57 154
59 18
61 102
63 16
65 84
67 14
69 82
71 90
73 50
75 150
77 28
79 96
81 124
83 162
85 136
87 54
89 144
91 130
93 120
95 34
97 158
99 140
101 36
103 98
105 30
107 126
109 42
111 196
113 100
115 172
117 66
119 4
121 110
123 76
125 168
127 178
129 170
131 194
133 148
135 38
137 200
139 176
141 26
143 58
145 62
147 8
149 52
151 10
153 118
155 2
157 186
159 80
161 48
163 72
165 60
167 166
169 138
171 12
173 70
175 134
177 22
179 74
181 114
183 6
185 156
187 116
189 32
191 40
193 88
195 78
197 142
199 106
